mcnp       4c2    03/30/18 15:44:35    2      20000       78977929
 Practical Monte Carlo part 1.                                                  
ntal     2
   12   22
tally   12    1
f        2
      1      2                                                                  
d        1
u        0
s        0
m        0
c        0
et      12
  1.00000E-09  1.00000E-08  1.00000E-07  1.00000E-06  1.00000E-05  1.00000E-04
  1.00000E-03  1.00000E-02  1.00000E-01  1.00000E+00  1.00000E+01
t        0
vals
  0.00000E+00 0.0000  0.00000E+00 0.0000  0.00000E+00 0.0000  0.00000E+00 0.0000
  0.00000E+00 0.0000  0.00000E+00 0.0000  0.00000E+00 0.0000  0.00000E+00 0.0000
  0.00000E+00 0.0000  0.00000E+00 0.0000  0.00000E+00 0.0000  0.00000E+00 0.0000
  0.00000E+00 0.0000  0.00000E+00 0.0000  0.00000E+00 0.0000  0.00000E+00 0.0000
  0.00000E+00 0.0000  0.00000E+00 0.0000  0.00000E+00 0.0000  0.00000E+00 0.0000
  1.51221E-07 1.0000  0.00000E+00 0.0000  1.24486E-07 1.0000  2.75707E-07 0.7104
tfc   20       1       1       1       1       1       1      12       1
       1000  0.00000E+00  0.00000E+00  0.00000E+00
       2000  0.00000E+00  0.00000E+00  0.00000E+00
       3000  0.00000E+00  0.00000E+00  0.00000E+00
       4000  0.00000E+00  0.00000E+00  0.00000E+00
       5000  0.00000E+00  0.00000E+00  0.00000E+00
       6000  0.00000E+00  0.00000E+00  0.00000E+00
       7000  0.00000E+00  0.00000E+00  0.00000E+00
       8000  0.00000E+00  0.00000E+00  0.00000E+00
       9000  0.00000E+00  0.00000E+00  0.00000E+00
      10000  0.00000E+00  0.00000E+00  0.00000E+00
      11000  0.00000E+00  0.00000E+00  0.00000E+00
      12000  0.00000E+00  0.00000E+00  0.00000E+00
      13000  0.00000E+00  0.00000E+00  0.00000E+00
      14000  0.00000E+00  0.00000E+00  0.00000E+00
      15000  0.00000E+00  0.00000E+00  0.00000E+00
      16000  0.00000E+00  0.00000E+00  0.00000E+00
      17000  0.00000E+00  0.00000E+00  0.00000E+00
      18000  0.00000E+00  0.00000E+00  0.00000E+00
      19000  0.00000E+00  0.00000E+00  0.00000E+00
      20000  0.00000E+00  0.00000E+00  0.00000E+00
tally   22    1
f        2
      3      4                                                                  
d        1
u        0
s        0
m        0
c        0
et      12
  1.00000E-09  1.00000E-08  1.00000E-07  1.00000E-06  1.00000E-05  1.00000E-04
  1.00000E-03  1.00000E-02  1.00000E-01  1.00000E+00  1.00000E+01
t        0
vals
  0.00000E+00 0.0000  0.00000E+00 0.0000  0.00000E+00 0.0000  0.00000E+00 0.0000
  0.00000E+00 0.0000  0.00000E+00 0.0000  0.00000E+00 0.0000  0.00000E+00 0.0000
  0.00000E+00 0.0000  0.00000E+00 0.0000  0.00000E+00 0.0000  0.00000E+00 0.0000
  0.00000E+00 0.0000  0.00000E+00 0.0000  0.00000E+00 0.0000  0.00000E+00 0.0000
  0.00000E+00 0.0000  0.00000E+00 0.0000  0.00000E+00 0.0000  0.00000E+00 0.0000
  0.00000E+00 0.0000  0.00000E+00 0.0000  0.00000E+00 0.0000  0.00000E+00 0.0000
tfc   20       1       1       1       1       1       1      12       1
       1000  0.00000E+00  0.00000E+00  0.00000E+00
       2000  0.00000E+00  0.00000E+00  0.00000E+00
       3000  0.00000E+00  0.00000E+00  0.00000E+00
       4000  0.00000E+00  0.00000E+00  0.00000E+00
       5000  0.00000E+00  0.00000E+00  0.00000E+00
       6000  0.00000E+00  0.00000E+00  0.00000E+00
       7000  0.00000E+00  0.00000E+00  0.00000E+00
       8000  0.00000E+00  0.00000E+00  0.00000E+00
       9000  0.00000E+00  0.00000E+00  0.00000E+00
      10000  0.00000E+00  0.00000E+00  0.00000E+00
      11000  0.00000E+00  0.00000E+00  0.00000E+00
      12000  0.00000E+00  0.00000E+00  0.00000E+00
      13000  0.00000E+00  0.00000E+00  0.00000E+00
      14000  0.00000E+00  0.00000E+00  0.00000E+00
      15000  0.00000E+00  0.00000E+00  0.00000E+00
      16000  0.00000E+00  0.00000E+00  0.00000E+00
      17000  0.00000E+00  0.00000E+00  0.00000E+00
      18000  0.00000E+00  0.00000E+00  0.00000E+00
      19000  0.00000E+00  0.00000E+00  0.00000E+00
      20000  0.00000E+00  0.00000E+00  0.00000E+00
